7 15
3 11
1 14
2 11
1 11
17 15
13 1
10 12
17 7
9 4
3 4
3 4
10 1
11 20
20 18
6 2
19 18
10 14
17 7
5 15
1 15
10 2
17 13
14 6
4 20
3 8
15 10
14 16
6 13
16 15
15 2
18 11
16 17
6 16
10 14
8 4
16 9
7 9
6 16
18 3
9 10
6 3
6 20
1 15
13 6
16 4
13 15
15 13
17 10
3 9
15 9
15 17
11 19
17 7
19 2
11 13
13 3
17 1
16 17
11 13
9 17
1 3
11 8
16 1
11 1
7 1
5 13
15 14
17 9
6 20
3 8
20 5
6 8
14 2
5 17
4 11
12 2
11 3
1 20
8 14
10 9
20 6
12 15
2 7
7 12
15 7
5 19
14 15
16 13
9 15
17 10
18 12
3 9
15 19
7 12
10 14
11 20
9 12
2 9
3 5